641
607
893
747
397
373
900
703
853
927
141
197
472
638
430
639
346
607
381
317
707
621
24
405
282
852
950
435
738
978
253
340
36
453
761
133
178
43
556
205
591
187
68
217
117
663
788
821
662
137
197
423
871
545
118
47
537
643
920
969
33
88
350
167
444
311
508
273
490
176
802
959
674
772
81
222
876
192
345
370
852
369
14
248
660
706
667
177
994
131
567
671
947
243
342
185
491
191
502
633
350
593
510
488
156
426
439
898
792
876
844
522
989
889
385
221
605
472
143
820
640
965
125
562
282
906
356
325
996
652
711
680
122
514
214
694
413
986
397
425
727
935
162
330
278
191
876
478
786
123
247
491
897
395
368
904
487
841
727
779
594
13
685
253
29
276
20
839
282
262
925
191
948
724
670
978
971
564
955
351
440
564
123
190
210
718
324
802
98
813
791
663
319
880
724
675
408
78
985
548
424
702
224
843
947
372
822
613
846
645
913
69
988
345
564
303
210
647
762
786
693
67
416
585
777
321
480
287
93
710
874
62
675
142
139
226
34
523
941
627
911
498
191
257
493
273
386
825
950
358
26
207
627
440
777
462
539
708
370
15
710
716
376
928
63
85
627
289
934
4
246
375
257
133
119
906
254
658
693
326
883
211
413
638
782
471
892
524
423
77
627
566
911
448
235
672
182
598
702
784
894
488
486
388
868
18
215
866
160
915
239
897
457
754
353
693
779
549
464
336
98
957
673
695
622
570
652
338
285
397
898
697
958
27
309
646
740
945
966
963
649
770
706
795
717
13
793
505
417
144
800
542
360
563
443
379
102
9
686
464
456
408
556
386
794
789
350
140
749
231
119
119
958
834
353
706
724
487
998
614
585
167
227
225
641
156
83
127
808
876
26
878
811
405
821
578
716
238
650
297
190
121
947
338
263
323
44
502
167
138
914
380
819
800
888
289
410
768
562
837
236
440
896
150
329
356
922
850
191
174
199
847
952
989
308
53
565
210
986
839
516
251
977
42
916
306
766
18
839
220
934
450
352
554
316
981
911
468
102
618
435
668
854
586
154
738
885
648
215
983
186
816
480
404
793
529
263
920
271
307
334
780
630
592
651
212
612
836
861
889
625
660
50
335
82
322
976
419
251
166
400
294
143
737
941
383
672
102
527
509
680
654
816
930
856
300
967
506
137
783
160
178
433
781
426
307
548
220
35
430
347
585
304
697
269
817
281
578
839
46
266
589
540
675
833
147
632
703
857
311
750
824
598
719
307
853
629
901
594
402
846
328
830
985
379
652
697
341
930
371
904
989
678
290
102
121
67
412
272
171
935
922
582
626
337
485
66
616
852
686
559
553
148
705
410
115
813
674
40
312
986
542
817
469
323
360
878
825
852
421
326
125
785
894
407
867
893
941
103
347
183
801
328
164
86
410
471
574
74
406
394
906
92
639
355
409
273
14
750
344
405
612
990
493
109
712
373
250
949
323
539
380
490
62
907
566
835
761
254
29
539
852
380
974
328
997
527
139
453
964
606
886
509
893
23
834
631
867
217
412
353
810
340
159
298
124
551
489
353
739
277
103
443
703
701
587
22
310
897
716
317
174
523
980
813
248
744
305
193
870
256
236
868
809
550
243
29
788
433
998
295
344
696
544
457
105
764
738
462
290
225
455
550
36
853
436
85
594
630
713
316
559
506
16
285
348
880
996
512
841
140
680
363
932
757
452
542
324
475
671
365
180
797
606
363
366
781
662
450
609
299
4
738
651
941
732
197
381
404
499
196
684
602
768
385
899
383
994
562
708
914
722
261
674
395
662
702
65
518
293
334
797
413
134
19
151
147
640
993
626
321
569
750
206
879
680
937
571
549
95
691
427
855
878
57
319
883
247
888
513
823
628
427
209
539
581
296
257
58
39
128
482
518
374
134
855
823
927
694
498
539
302
879
206
336
669
112
413
724
898
205
728
367
338
921
284
262
103
859
959
350
261
921
85
85
309
287
587
794
525
62
718
77
430
796
721
827
375
456
287
47
563
462
776
324
588
40
313
906
801
977
315
386
310
130
911
717
384
488
255
821
511
779
817
617
306
439
656
453
911
36
805
779
34
318
278
192
275
951
380
801
274
946
917
866
866
454
804
286
856
333
33
114
431
597
268
173
180
67
183
416
405
710
900
862
626
70
366
378
218
709
332
840
766
212
229
883
991
239
488
560
757
296
754
128
899
488
719
131
905
390
120
420
972
742
461
814
444
341
302
222
615
993
945
466
592
757
559
817
285
734
490
606
893
874
382
326
920
301
999
15
711
535
36
748
449
57
818
122
398
92
462
796
780
577
432
783
541
368
590
685
377
483
186
604
24
854
791
834
431
594
859
436
391
440
336
929
322
275
492
281
834
137
873
968
245
505
820
883
880
337
486
33
733
754
634
51
206
845
874
480
498
555
107
597
964
952
859
766
903
806
576
923
347
252
185
298
322
879
495
719
880
969
111
969
908
743
124
731
984
600
645
738
896
612
850
677
708
548
639
640
987
568
360
954
491
286
730
119
288
778
611
461
290
155
435
106
469
24
37
36
950
88
97
465
880
784
875
310
788
598
791
122
560
177
190
334
325
139
126
285
256
264
144
239
952
904
392
274
648
780
917
908
523
707
108
556
165
67
517
196
964
640
879
491
282
409
50
470
640
755
655
946
385
599
488
685
752
961
163
338
7
185
66
155
116
654
57
130
657
844
564
352
25
684
186
935
265
24
664
851
436
849
694
223
735
61
875
12
784
782
154
129
311
431
389
980
348
78
683
389
842
835
607
937
878
351
945
181
731
111
100
829
761
66
454
277
254
638
182
970
760
652
989
805
863
770
189
846
338
807
797
929
846
706
772
747
709
213
145
71
64
52
861
573
642
90
349
819
395
867
919
684
410
220
747
850
475
561
167
907
707
772
90
586
601
95
47
854
238
18
150
389
989
785
463
765
879
536
592
21
416
690
856
440
323
206
550
649
229
997
49
49
458
855
153
293
269
866
234
274
739
215
777
24
25
176
632
292
294
46
715
906
713
236
474
963
828
76
736
242
870
446
29
668
880
447
857
2
608
602
929
409
381
748
959
412
505
267
933
558
28
515
349
299
189
904
924
900
606
404
969
455
408
579
643
556
733
306
806
924
693
13
97
911
294
619
376
464
533
318
985
843
754
905
123
991
911
689
17
809
987
286
267
437
439
650
450
980
748
93
902
435
665
23
725
538
944
65
861
603
973
240
1
602
588
936
80
395
736
695
976
662
278
887
34
399
402
359
647
997
829
933
148
81
336
286
723
902
356
185
889
966
212
166
456
439
318
780
745
419
652
42
445
781
614
633
324
834
768
634
953
453
91
662
725
854
684
872
844
151
271
697
802
102
759
418
140
623
984
451
942
964
892
364
880
883
567
936
381
675
739
917
788
152
783
247
338
505
316
380
184
908
496
309
411
881
558
699
400
644
67
30
58
840
953
63
880
354
83
335
924
957
541
265
923
819
15
281
870
156
835
31
578
727
841
570
342
575
518
604
401
551
935
257
430
253
749
938
490
75
677
293
792
474
426
346
135
585
380
816
354
464
336
846
878
494
310
422
386
393
176
125
197
609
685
139
883
710
43
598
888
132
848
289
253
573
692
483
328
335
542
90
440
165
353
839
175
319
228
73
58
261
787
244
723
307
645
208
978
915
377
887
807
992
347
6
39
675
526
110
838
637
888
961
569
603
779
34
268
509
970
117
986
315
643
877
955
56
971
957
669
507
568
291
438
406
155
100
327
998
533
672
309
672
870
218
141
317
686
171
798
48
81
815
3
612
880
611
623
693
996
683
256
116
261
534
925
105
861
705
467
782
802
656
317
706
551
422
502
171
612
962
134
571
264
663
443
138
153
714
658
221
624
906
237
430
444
852
60
239
468
863
64
127
446
151
641
98
448
728
44
643
532
660
935
327
828
924
351
531
816
248
104
140
987
162
923
595
688
670
288
208
347
557
973
438
963
530
9
59
414
902
341
160
13
144
50
704
642
177
708
273
606
375
561
174
578
779
370
278
376
98
634
568
40
671
881
450
820
13
347
832
924
807
235
843
258
685
244
641
829
247
40
538
995
872
956
99
932
382
193
378
692
840
792
704
44
201
758
521
95
163
125
238
844
149
940
986
289
413
366
47
63
804
590
158
635
476
960
368
881
789
301
346
51
411
39
885
653
117
987
793
453
870
541
153
785
677
276
96
461
912
801
55
403
582
488
549
638
10
323
411
584
517
876
74
788
950
275
357
887
528
598
815
502
166
480
117
962
398
604
104
703
750
812
528
604
167
148
494
102
894
662
890
17
153
338
856
332
281
336
149
207
833
702
198
188
231
369
78
30
291
521
804
424
741
97
929
626
997
703
623
328
749
972
564
254
370
137
511
104
261
314
484
273
762
438
704
495
211
622
882
764
715
36
273
526
396
862
677
319
766
49
15
655
311
881
343
252
280
227
382
451
300
391
766
813
653
869
104
360
258
840
115
625
682
240
89
550
884
92
161
522
815
677
335
989
983
184
919
154
544
832
825
53
852
735
737
121
873
790
157
920
638
390
595
589
155
13
96
651
445
106
160
786
122
485
861
600
684
244
46
707
782
171
722
87
501
121
417
692
548
204
311
951
331
87
553
628
918
549
408
740
39
442
150
252
666
566
951
388
287
528
494
273
402
637
694
474
576
513
86
276
700
646
792
728
291
924
628
229
943
939
295
268
543
524
425
169
772
23
15
773
943
155
746
608
447
344
861
199
214
220
78
276
885
566
864
99
555
547
377
902
4
406
871
210
909
777
794
699
375
477
22
424
232
788
283
222
989
588
399
301
504
355
504
680
740
515
61
617
386
738
442
931
258
953
358
286
131
4
965
938
888
75
863
20
380
897
41
109
56
961
127
225
829
441
397
938
305
84
761
789
681
98
243
9
408
577
79
62
378
104
719
287
493
356
186
254
357
683
78
387
873
84
135
744
545
213
842
451
411
377
141
630
453
830
295
476
162
828
340
115
327
938
791
981
783
164
64
762
438
268
532
828
132
486
405
269
68
163
156
866
682
827
91
742
670
772
563
243
183
354
549
4
853
817
721
526
580
821
335
915
283
503
123
674
919
811
591
892
578
85
873
33
294
130
860
253
260
424
516
334
250
706
614
446
876
565
949
203
867
124
508
691
908
783
849
380
523
132
208
415
670
845
803
87
784
390
992
38
649
401
104
983
320
829
991
900
809
564
175
391
262
88
253
79
91
910
631
656
341
980
313
806
263
661
966
731
463
566
294
585
377
59
255
978
262
462
67
424
715
453
561
336
87
925
354
905
788
361
386
755
309
514
591
916
800
257
310
428
488
37
327
79
671
586
841
500
570
419
794
97
430
902
581
808
822
120
831
569
952
514
694
616
148
253
146
451
498
365
58
959
607
366
792
577
536
628
750
771
835
809
464
16
779
942
981
579
801
971
569
483
333
938
585
18
781
760
356
377
939
96
824
257
307
650
548
616
849
439
803
468
532
554
458
499
555
387
627
826
814
873
762
963
442
340
289
382
650
204
148
597
579
97
306
337
731
537
971
15
387
602
870
81
125
718
197
310
456
770
598
699
28
596
604
264
660
15
460
815
793
688
709
621
166
747
816
361
620
464
994
785
616
135
83
660
157
906
964
726
782
669
164
273
274
897
182
721
720
445
434
293
66
636
693
210
432
817
85
429
946
152
666
863
299
156
584
728
138
32
919
371
697
825
327
419
768
920
623
817
460
771
511
717
915
764
751
691
94
532
743
480
397
782
678
662
456
204
597
139
731
407
753
137
450
20
163
40
827
605
407
410
924
627
279
490
388
863
689
444
676
952
851
485
145
361
852
7
50
330
886
825
602
522
712
282
351
953
200
654
164
512
334
506
605
609
633
508
736
617
593
236
982
702
994
116
352
120
638
935
116
648
132
84
931
322
615
278
324
256
541
19
816
933
926
424
358
705
417
345
953
176
62
985
320
862
673
11
461
861
317
244
431
477
547
462
75
52
939
110
694
553
427
858
765
631
261
660
343
239
156
898
689
52
564
619
707
602
122
568
191
803
420
910
785
158
830
517
394
725
281
871
877
470
610
416
125
535
510
829
821
841
252
576
276
771
142
660
349
709
973
945
933
909
47
410
250
988
844
382
31
746
724
247
676
831
191
247
597
934
575
713
196
184
2
984
441
321
388
450
856
454
209
998
904
814
911
322
442
894
58
474
806
310
886
400
122
606
46
547
707
747
215
477
622
2
645
315
153
95
79
807
123
271
32
135
581
269
564
152
188
501
457
640
833
454
660
444
309
956
849
438
583
1
406
139
359
591
40
593
133
238
748
717
384
806
186
34
152
568
554
257
392
792
392
151
100
875
539
561
595
134
208
230
154
609
403
292
524
511
863
763
430
365
251
132
374
611
765
10
451
694
606
189
178
992
23
745
464
788
576
203
324
666
639
111
726
297
568
323
114
184
531
701
813
736
403
758
189
375
413
387
789
947
262
165
819
385
737
602
22
832
878
339
82
501
525
668
489
254
648
833
314
455
878
501
629
743
621
90
717
726
401
558
661
644
105
593
813
408
784
81
282
603
99
415
595
666
183
181
655
48
737
900
625
111
998
967
980
272
972
305
640
234
951
390
330
348
274
757
753
129
324
415
144
490
508
885
346
311
272
767
893
402
285
87
689
610
107
215
642
22
497
352
233
226
841
620
754
811
318
450
181
232
156
67
136
244
37
558
112
175
67
113
98
539
452
679
343
11
128
75
521
909
417
199
515
839
264
208
254
48
505
322
851
519
98
287
619
484
624
768
146
182
47
7
27
747
321
127
964
32
719
573
644
694
526
936
862
208
705
288
922
38
914
446
613
849
606
56
261
845
314
502
293
161
481
51
841
967
642
700
112
51
419
749
309
378
345
299
940
174
231
107
975
949
638
918
86
692
377
728
296
78
835
658
405
574
892
464
607
939
880
559
43
399
873
504
632
125
809
119
10
976
674
590
918
720
718
759
732
607
94
91
59
344
494
579
18
949
905
468
96
308
551
6
332
263
245
790
53
574
300
17
161
702
950
753
434
33
411
195
236
753
838
54
661
818
422
227
301
164
633
325
304
135
558
848
13
984
278
753
422
143
62
801
614
726
391
578
679
30
505
76
650
161
281
114
416
583
235
363
783
621
988
502
485
322
231
436
813
521
615
373
882
88
262
533
809
317
236
139
254
14
471
882
717
216
910
956
493
389
889
863
672
275
117
915
752
419
291
95
346
600
289
570
672
941
661
867
461
208
940
774
871
809
412
931
29
12
438
172
540
940
725
463
618
687
103
483
6
722
76
738
468
534
204
938
73
480
201
678
791
127
115
10
262
515
913
372
708
977
458
657
892
454
96
982
468
63
954
857
830
649
410
679
590
228
939
165
539
271
432
297
769
713
230
178
966
911
717
743
560
729
163
320
529
71
370
201
239
801
835
549
584
552
740
875
979
127
318
9
848
40
849
88
208
645
127
638
532
713
36
620
364
511
475
173
520
879
966
524
700
676
503
414
748
470
567
302
208
867
645
886
122
848
758
782
964
894
217
684
307
572
54
898
16
796
973
543
638
375
315
725
681
478
573
775
420
679
757
851
917
557
908
307
814
421
83
944
889
730
61
427
7
547
566
277
499
194
967
127
805
52
236
838
673
443
748
270
514
798
328
53
778
573
927
310
564
474
809
699
852
150
382
851
285
47
39
343
318
313
73
882
489
964
439
373
678
782
531
275
667
369
787
358
973
831
332
892
559
353
324
991
604
89
772
583
587
494
38
952
865
399
650
501
655
339
569
367
634
597
843
218
345
341
143
249
993
245
628
710
304
800
344
557
266
816
801
993
241
749
529
978
613
923
989
689
505
768
475
919
152
473
865
817
16
607
32
794
828
96
468
24
257
263
762
435
96
760
289
801
364
876
98
459
958
218
352
122
599
89
852
216
244
792
682
606
833
724
916
44
948
994
846
998
469
654
905
66
838
584
648
210
200
633
908
426
956
52
178
423
488
246
885
738
491
229
531
928
912
112
977
345
665
447
690
624
857
740
672
330
359
95
106
384
68
984
381
4
88
908
977
673
808
136
576
467
112
798
205
890
476
549
253
882
886
886
453
33
888
514
836
441
851
118
695
164
536
904
525
152
682
904
253
815
297
926
904
913
214
867
43
272
701
297
613
40
565
770
795
808
305
508
554
201
298
144
408
464
806
733
259
330
419
735
947
597
581
404
292
682
335
787
467
67
164
877
628
890
75
95
215
999
734
68
196
665
632
245
212
795
964
381
137
307
798
544
835
650
899
519
731
555
148
387
686
319
756
199
234
979
439
183
512
773
350
785
648
484
648
338
888
341
429
156
418
818
701
253
114
101
599
174
271
116
657
504
43
166
150
223
890
442
800
22
836
924
370
211
241
477
824
642
173
356
894
570
961
829
19
85
773
813
796
653
24
599
978
885
271
265
353
65
877
348
881
8
674
273
972
517
715
134
695
565
938
246
869
251
635
828
253
933
79
336
906
235
525
224
901
418
496
642
794
787
689
455
339
179
735
176
187
648
552
357
751
738
308
168
440
755
811
633
769
763
516
632
279
913
585
505
656
41
517
601
586
115
210
874
178
173
715
941
832
510
318
841
228
113
863
421
625
313
940
391
286
684
552
320
896
620
196
609
606
765
724
25
777
913
638
931
429
321
929
128
47
698
814
461
939
155
383
713
624
527
67
856
956
240
235
85
456
957
601
371
257
690
748
230
973
957
672
681
209
52
793
214
750
475
425
342
579
423
392
621
937
717
129
850
975
200
830
777
687
25
487
239
24
508
240
512
419
555
830
289
810
79
917
708
535
53
772
687
710
774
525
56
228
772
612
696
359
781
623
867
989
870
701
816
718
985
149
16
891
94
580
740
392
318
432
909
596
620
764
755
584
73
657
775
702
136
408
233
416
317
7
72
101
545
495
245
283
383
156
882
164
991
47
496
328
700
241
707
554
513
778
531
630
440
405
768
316
285
248
44
697
453
122
93
206
93
575
157
231
418
335
669
139
419
398
813
612
451
806
184
922
548
76
534
44
520
50
349
448
686
221
817
429
131
532
397
332
689
173
9
545
376
158
242
130
548
897
382
445
469
380
537
418
473
474
191
128
321
295
282
978
329
916
899
260
168
326
718
797
489
931
805
49
12
655
971
399
98
333
162
804
607
562
502
349
108
442
576
719
659
25
160
387
368
86
252
726
424
145
936
616
563
781
412
730
840
259
12
118
665
57
860
539
148
792
910
677
153
737
315
390
379
128
464
235
497
144
506
426
184
211
878
198
826
829
28
922
478
865
483
727
543
359
623
838
210
169
114
71
879
456
418
336
536
634
641
829
29
694
50
935
568
881
735
356
79
654
275
377
447
849
589
682
32
705
988
926
423
978
61
138
383
346
575
869
964
618
555
843
304
609
660
185
895
701
197
889
888
392
386
329
138
900
621
482
183
225
832
45
458
203
870
46
348
781
967
993
499
977
310
910
1
517
711
937
490
914
585
287
167
966
902
122
142
512
792
650
2
595
19
175
785
73
610
363
133
124
355
265
2
550
981
273
132
253
374
267
895
666
849
894
719
281
414
371
464
280
943
953
287
106
262
758
992
273
70
669
996
303
329
974
181
932
675
710
194
719
8
673
343
295
211
869
200
708
722
687
316
40
64
510
815
290
507
409
885
352
996
394
822
849
470
103
887
764
968
894
249
50
194
549
59
376
531
135
300
868
689
382
650
68
919
434
144
332
194
43
754
49
52
60
664
275
433
163
735
445
207
163
972
104
461
421
925
621
643
556
787
51
843
565
799
461
983
894
897
807
704
918
87
558
122
602
54
753
675
713
29
704
734
213
818
430
289
764
706
320
455
102
631
204
352
779
737
454
634
724
157
985
494
872
400
488
308
305
651
625
740
851
81
949
916
269
405
511
362
383
430
643
854
513
26
949
251
591
703
43
447
817
967
613
772
351
73
299
400
953
89
534
456
815
960
459
310
504
185
579
529
614
763
512
635
679
51
688
364
620
330
684
816
330
601
900
584
690
189
806
165
586
124
353
412
675
868
648
139
613
880
626
49
646
258
589
740
980
566
806
528
424
122
140
534
120
54
70
136
888
324
784
474
244
552
650
145
38
358
902
259
962
34
684
690
737
644
896
577
783
265
795
819
542
979
627
391
54
185
704
442
860
971
944
458
416
947
607
954
631
67
538
22
485
222
941
857
983
443
340
544
505
760
925
868
711
4
286
927
154
813
215
497
616
313
489
924
392
794
687
576
395
224
853
910
712
953
63
691
978
425
604
472
936
63
314
147
906
728
489
477
77
1
86
390
246
606
120
104
924
767
842
250
759
49
928
810
630
742
394
849
820
967
249
359
673
145
639
163
100
571
259
629
589
652
876
957
332
252
650
566
120
316
274
674
799
268
482
6
33
518
227
771
56
902
520
823
516
599
291
165
423
151
258
883
908
243
717
63
547
201
468
5
282
323
277
134
637
533
450
988
12
82
774
293
421
14
526
698
160
418
995
280
51
408
139
95
737
91
798
428
308
288
112
598
151
584
157
289
279
16
516
96
890
290
315
682
401
23
31
927
299
710
599
654
222
850
77
489
208
552
383
114
773
694
5
654
610
205
267
983
621
92
428
790
719
762
777
456
707
911
495
851
561
634
792
243
301
394
350
59
996
299
856
565
414
350
968
173
230
693
796
8
511
573
858
209
334
857
673
931
91
406
646
93
815
772
351
411
762
441
89
668
679
397
6
816
466
265
447
94
309
301
135
219
719
29
28
202
739
703
449
605
159
366
286
332
523
545
66
339
833
986
338
414
803
261
744
533
715
894
987
774
714
456
620
690
132
281
998
721
793
45
127
239
918
157
599
674
464
310
547
673
113
519
663
666
43
64
259
304
620
959
662
162
778
51
360
831
84
821
726
934
69
554
230
881
726
748
274
985
275
602
304
361
959
169
952
27
243
63
642
255
775
931
123
415
208
385
610
4
283
790
116
250
286
162
563
945
428
81
988
786
431
614
792
833
132
941
360
544
705
245
141
702
221
865
786
215
489
354
301
536
238
642
177
682
947
993
996
709
955
415
284
412
373
764
774
78
824
82
970
271
343
200
957
306
606
867
17
84
341
310
907
910
365
369
472
494
18
283
190
378
939
41
653
990
857
940
836
821
54
185
65
732
443
850
968
366
104
872
854
63
514
161
415
368
60
621
197
955
811
374
956
194
857
568
442
883
299
461
358
816
26
351
755
638
987
321
123
464
320
686
504
853
383
494
573
221
735
891
882
445
902
890
227
767
718
419
567
333
719
114
537
940
189
291
944
531
675
319
409
279
829
409
786
710
306
360
479
402
69
81
731
690
694
220
986
191
535
532
567
337
477
512
420
133
464
281
324
554
712
307
474
787
673
961
753
732
976
175
232
201
148
240
267
745
235
545
88
408
624
631
130
907
664
256
374
950
968
904
659
234
87
426
702
854
679
29
876
121
583
579
289
168
655
177
638
271
410
413
975
800
296
497
679
65
936
307
758
607
922
586
166
292
196
353
133
517
532
995
624
252
53
835
250
486
747
29
479
208
592
522
881
364
385
969
346
520
210
650
656
748
875
560
466
408
593
925
60
400
70
514
121
614
945
789
501
942
76
327
297
888
997
74
654
989
100
304
297
406
800
319
388
139
362
237
282
119
296
256
791
218
327
12
486
502
661
353
250
18
606
596
203
261
108
395
499
354
673
292
874
942
468
563
448
375
111
349
877
226
58
499
889
987
546
663
827
22
317
298
973
608
263
32
523
896
692
228
172
137
696
168
853
431
786
358
676
554
407
139
280
342
457
587
201
300
666
267
381
357
702
40
833
410
449
258
788
801
660
384
194
558
516
892
817
675
758
611
648
78
183
892
93
853
150
429
515
261
212
759
840
205
775
609
316
728
252
698
974
736
68
775
472
784
300
9
33
20
254
713
594
610
237
340
828
576
658
652
230
25
51
611
636
153
727
497
671
640
752
693
100
355
464
845
970
20
118
530
406
188
386
515
745
639
364
96
391
685
180
801
138
710
55
918
178
912
939
729
924
829
901
242
513
38
110
269
322
442
967
73
601
499
206
338
736
839
798
527
20
913
4
976
561
250
673
901
293
988
735
335
914
670
822
602
231
815
795
780
602
371
789
49
343
444
212
57
808
376
124
892
234
642
438
857
51
492
802
609
70
152
661
584
906
213
157
773
127
793
203
562
107
404
647
468
268
659
734
859
8
996
62
636
535
766
864
431
992
759
618
57
613
780
202
329
629
277
185
937
888
328
952
534
158
127
380
65
717
625
25
581
130
920
455
26
264
621
196
195
233
709
592
394
876
254
411
747
577
608
223
69
785
454
303
328
208
805
119
789
13
709
206
188
740
56
733
785
196
752
561
397
59
726
586
242
647
888
585
119
152
428
948
127
725
142
447
131
677
666
346
125
340
455
878
787
588
452
261
634
479
70
240
722
568
926
877
294
356
116
676
230
836
180
950
36
99
148
377
963
610
873
204
385
296
504
841
689
944
283
580
945
430
402
479
791
993
24
248
321
162
288
776
246
331
31
946
24
808
60
121
467
122
515
856
74
460
868
538
538
495
441
936
219
223
864
38
132
937
234
727
406
955
876
249
861
809
588
938
565
831
731
63
196
826
845
977
885
562
148
497
245
936
651
874
505
199
866
858
193
165
560
319
360
655
911
719
306
445
61
854
456
404
438
680
819
137
212
687
28
785
266
749
809
342
163
960
133
378
459
328
338
691
254
851
33
621
606
966
332
398
357
432
46
196
242
309
533
942
74
462
311
406
885
14
96
52
355
396
850
474
16
82
828
498
469
646
954
987
791
761
737
440
348
650
794
386
328
854
962
952
709
528
160
832
419
722
957
506
610
575
277
749
437
798
259
712
951
156
560
265
945
750
235
323
138
905
696
83
724
146
295
1000
317
950
895
12
821
412
824
459
834
671
248
21
920
324
422
841
791
50
926
571
190
96
158
442
693
202
155
89
113
695
939
253
294
988
404
929
788
304
188
810
559
669
133
504
914
264
18
600
971
419
952
140
381
965
530
247
366
505
562
183
557
362
200
88
979
816
202
912
255
239
12
777
797
213
494
481
118
757
101
95
698
814
606
422
478
360
32
793
106
268
823
579
173
335
700
490
717
380
31
392
653
748
391
611
347
703
486
160
744
666
682
892
333
778
385
782
938
246
301
478
395
562
246
145
3
600
600
677
69
74
635
251
773
775
130
418
639
922
448
890
519
661
344
810
789
310
71
311
631
698
789
396
486
856
846
833
79
339
655
811
532
416
783
139
808
187
128
927
652
546
41
599
550
1
66
973
25
373
586
834
355
861
818
814
291
875
910
17
615
24
798
445
626
502
797
195
277
292
373
81
971
81
587
990
124
61
287
730
304
25
6
887
727
693
957
599
376
608
988
384
303
880
1000
545
755
504
670
753
146
864
519
836
223
561
792
142
845
233
556
174
720
337
128
946
779
332
696
555
937
671
416
413
469
148
539
952
522
581
45
890
680
766
849
739
224
247
378
153
230
984
553
161
35
908
615
337
524
299
966
548
873
264
643
4
323
716
709
263
394
432
480
416
292
847
777
464
312
371
487
395
826
450
324
441
60
813
395
266
286
618
995
454
445
313
560
380
192
563
61
89
81
643
765
303
836
15
469
770
899
595
805
970
434
686
124
557
487
634
845
58
148
725
217
408
490
633
984
886
864
358
494
466
152
448
94
422
877
658
414
190
77
867
324
189
336
65
464
589
209
458
56
195
15
390
490
808
433
260
698
460
921
676
737
814
552
455
989
698
462
91
256
221
350
475
642
364
985
622
910
8
734
555
713
657
779
761
359
435
180
603
437
876
803
433
35
20
129
101
523
688
69
787
206
99
824
174
55
642
848
811
373
384
139
544
529
459
277
655
667
361
485
880
37
729
780
879
857
931
383
585
657
411
536
555
161
218
963
816
21
590
822
590
861
867
67
820
956
49
927
117
681
601
920
973
45
528
615
657
955
95
409
95
218
195
966
562
294
588
300
810
322
192
978
635
663
993
769
169
417
426
32
514
350
948
766
399
51
55
457
816
522
789
282
47
447
842
934
357
532
928
896
279
711
572
396
747
817
860
694
868
602
432
298
494
48
321
726
935
250
420
315
676
372
516
618
433
201
733
422
437
431
393
258
525
659
941
941
240
805
503
840
771
835
700
819
17
996
142
731
256
886
696
383
651
802
129
677
727
272
391
192
615
458
786
569
319
330
196
198
309
86
112
245
890
430
904
74
444
411
108
294
785
668
311
312
573
436
234
425
669
409
164
959
695
513
175
975
5
109
111
586
834
196
904
351
503
784
457
502
107
955
134
958
522
437
6
83
386
349
331
375
614
425
95
545
219
37
320
386
290
160
958
986
422
873
622
282
344
294
65
852
292
809
459
653
315
225
944
844
906
1000
199
813
97
357
646
792
416
215
675
923
539
613
327
507
600
615
538
384
63
246
231
187
534
679
456
519
140
680
254
55
676
2
771
368
350
857
556
972
545
496
210
717
969
702
470
857
117
508
57
215
367
994
769
689
695
683
864
259
993
131
726
111
661
337
247
234
51
540
342
536
516
587
192
893
385
520
616
993
880
291
297
231
411
435
293
517
108
981
148
616
368
260
909
562
207
213
751
220
476
696
388
692
826
814
116
443
727
350
443
238
224
883
987
59
118
218
334
564
6
5
836
433
732
560
278
878
963
974
966
386
904
414
627
297
371
89
375
832
995
657
993
518
844
473
683
912
643
119
332
954
931
884
158
192
366
469
427
158
230
183
517
792
626
119
263
93
139
813
230
903
461
133
913
251
864
958
388
945
712
431
729
756
456
257
440
33
367
233
190
334
852
832
490
699
968
314
69
984
874
866
687
716
357
187
269
827
273
336
191
937
262
832
339
925
894
617
932
944
172
184
661
860
559
230
982
703
223
210
429
103
188
837
140
157
967
762
749
210
230
531
374
620
564
591
677
601
591
345
552
41
621
794
368
124
713
573
145
53
144
960
851
184
686
567
727
726
932
395
23
665
153
134
292
599
321
224
321
673
788
483
957
612
666
998
209
41
297
543
611
250
985
225
395
51
77
997
909
728
23
412
316
782
576
555
390
977
187
394
39
789
458
162
478
97
269
919
552
479
11
274
357
419
771
792
786
340
758
209
146
76
867
894
898
211
19
442
26
274
760
808
130
152
800
652
532
954
383
36
718
165
48
572
11
982
686
353
774
295
814
676
245
347
152
636
818
261
672
901
973
563
404
916
102
787
154
922
494
156
424
827
601
738
9
762
629
381
497
239
594
713
615
415
508
867
770
286
450
659
999
479
148
341
437
112
956
875
54
218
916
712
2
22
125
743
922
480
399
711
26
926
682
514
930
853
884
942
903
400
403
356
677
306
466
145
119
919
805
572
330
85
985
37
881
118
569
853
93
671
941
185
877
265
300
234
639
459
855
168
902
195
604
843
129
750
70
928
48
763
517
574
115
398
443
742
59
47
298
895
211
216
909
391
743
985
604
719
555
307
608
900
553
259
925
752
38
384
484
872
17
81
701
352
1
488
805
519
473
286
826
273
447
154
458
387
934
517
179
490
304
487
362
212
663
499
682
92
273
152
364
955
214
80
376
2
219
87
631
485
670
583
565
411
41
829
507
963
974
94
274
363
615
55
699
325
666
27
188
671
206
514
348
695
655
154
790
809
128
791
444
816
628
420
167
515
421
27
73
97
278
321
573
680
720
310
55
597
7
898
22
284
272
358
773
257
783
858
594
354
231
33
745
361
864
974
891
106
254
204
847
716
945
981
763
977
183
32
512
944
575
794
290
971
988
409
535
177
164
775
259
855
781
733
146
504
385
309
532
360
962
36
11
635
41
285
6
399
880
572
413
797
275
612
10
651
604
786
433
967
275
707
532
146
479
74
591
628
8
170
177
649
786
345
541
638
477
947
11
788
946
672
723
495
593
807
675
771
338
757
386
555
191
323
330
550
106
591
67
754
175
911
308
558
429
520
655
509
866
958
323
547
598
595
966
884
443
848
57
564
402
959
412
640
779
816
777
61
908
803
756
370
137
705
597
969
613
619
245
209
333
208
293
881
134
437
307
994
596
805
272
125
365
842
393
846
37
491
296
30
558
897
752
108
705
124
268
79
42
924
711
641
620
498
843
485
580
917
573
168
636
997
795
989
338
986
936
589
986
880
539
376
73
91
33
546
717
16
732
170
342
530
913
17
165
564
902
461
447
244
398
448
309
263
417
41
635
316
218
133
226
9
2
975
149
553
779
995
686
404
943
841
99
546
418
656
314
773
123
776
916
946
152
662
129
963
915
750
96
909
599
30
845
239
410
216
654
378
995
885
741
519
70
541
887
299
758
623
655
359
730
425
539
630
809
557
258
495
472
326
400
195
480
712
821
231
17
788
124
621
695
324
217
709
366
710
400
124
763
63
241
308
788
410
327
708
444
790
633
981
765
704
568
671
17
463
768
837
723
356
678
74
265
771
505
887
456
740
275
711
398
595
315
534
617
587
746
870
928
925
819
650
644
389
476
773
173
940
614
881
376
717
165
966
549
499
846
320
472
819
746
772
308
97
935
653
966
574
504
908
206
591
793
246
992
749
307
158
600
276
148
577
187
465
487
885
722
87
266
233
82
545
797
301
243
108
936
525
650
104
229
362
842
776
285
481
248
381
668
271
44
36
930
555
768
611
57
549
891
267
171
910
13
420
866
618
469
348
320
562
114
36
987
883
123
787
368
996
708
712
27
862
986
635
728
565
880
310
817
767
360
961
877
938
812
855
963
873
75
619
638
67
748
389
154
286
332
856
1000
37
970
863
338
578
801
939
613
304
420
291
942
670
961
492
464
659
148
718
997
843
563
986
953
801
732
916
40
205
364
452
81
982
161
382
17
682
217
608
843
351
960
434
746
778
366
350
463
705
677
97
143
758
893
401
69
313
438
333
229
552
622
851
847
736
648
90
62
431
449
482
923
541
563
488
319
667
480
873
231
36
737
142
263
916
98
861
26
899
296
743
506
863
524
156
485
391
765
993
765
289
633
682
733
150
225
505
66
226
56
12
428
847
860
842
57
899
390
952
829
586
997
664
952
265
129
582
53
844
634
659
904
152
316
433
25
324
590
303
547
643
49
889
536
890
933
705
327
872
158
511
934
557
575
639
631
514
190
213
423
311
259
650
110
640
657
560
270
336
302
422
208
515
835
109
590
139
36
851
135
820
385
127
289
302
392
43
319
20
690
339
285
913
772
1000
828
382
618
841
570
79
37
82
689
847
893
613
268
753
959
600
351
195
530
97
155
713
593
30
898
863
698
882
702
478
359
262
258
779
373
131
155
758
929
658
219
345
365
737
209
365
533
458
109
285
5
250
571
50
58
159
775
373
949
295
841
885
362
640
990
500
562
102
217
912
461
504
801
435
886
183
818
189
112
270
70
57
222
34
998
811
705
135
562
559
545
538
503
897
69
261
783
852
415
836
835
751
943
34
270
159
522
442
186
601
794
295
253
114
541
873
102
545
701
686
570
398
531
45
701
765
576
9
317
361
250
918
471
584
504
110
569
735
39
453
914
994
585
291
961
932
348
388
530
846
950
899
59
141
126
968
999
754
20
530
376
247
216
977
895
108
966
866
922
152
246
639
193
123
39
393
217
772
499
471
558
90
105
65
825
364
213
266
928
314
767
332
2
336
779
870
266
571
379
387
179
982
956
818
904
655
198
336
763
794
104
693
58
75
148
677
919
836
679
984
379
580
19
29
174
267
451
612
443
478
140
560
361
394
99
177
77
556
105
33
5
673
49
35
525
194
274
256
42
352
94
584
855
413
472
656
995
79
251
149
345
415
984
255
436
695
259
482
127
994
572
248
403
519
436
404
295
932
658
828
148
650
613
454
453
275
675
296
370
804
421
87
106
25
24
234
356
55
416
227
877
627
882
529
350
569
657
878
975
77
821
345
910
517
178
143
947
454
451
527
573
486
76
783
6
579
92
991
89
83
836
178
572
12
507
720
669
848
831
301
926
808
743
370
709
114
291
541
808
60
816
683
529
346
757
790
603
596
943
426
166
57
269
935
116
362
699
836
335
961
33
790
198
146
384
855
488
336
186
61
782
32
929
561
180
628
795
312
882
548
894
893
990
740
994
908
992
889
16
660
14
470
716
415
706
262
132
817
11
298
903
991
840
450
414
889
245
344
420
172
284
441
344
283
5
796
871
271
858
532
747
529
624
464
124
432
56
46
894
872
85
154
896
727
167
140
577
310
857
66
844
190
907
206
271
924
954
601
701
236
464
158
167
387
132
159
426
483
624
855
741
828
670
769
122
962
325
393
849
666
959
275
577
46
338
548
797
963
830
12
294
995
812
523
584
119
534
643
478
628
647
472
383
892
849
991
653
64
227
12
493
699
261
309
734
999
245
201
618
25
862
549
980
650
29
50
907
689
914
483
656
141
127
125
613
438
744
433
734
654
117
390
962
647
474
190
245
606
594
987
445
496
468
813
786
105
356
154
410
91
310
833
974
360
413
812
628
367
243
431
437
29
401
978
124
156
90
337
570
575
961
81
236
875
111
395
850
582
299
910
569
251
786
308
360
809
861
952
850
824
635
134
263
516
948
78
600
819
106
740
916
467
686
437
416
990
759
647
475
10
606
700
157
367
456
11
23
515
483
694
781
8
659
243
573
403
670
108
244
89
738
574
201
414
177
102
525
576
472
243
823
522
517
759
332
955
322
373
6
796
159
46
853
325
364
90
20
250
278
635
177
111
323
621
992
251
903
568
182
352
5
61
106
257
798
376
368
196
391
340
907
983
777
969
965
517
496
321
353
36
488
388
37
360
708
353
685
977
734
481
946
730
244
56
563
197
550
795
254
461
273
889
54
504
207
275
397
864
212
936
288
32
529
441
384
861
115
66
106
647
265
91
103
485
450
268
817
490
335
62
744
744
394
225
234
44
668
580
217
843
483
590
960
223
487
830
944
96
404
501
896
882
25
220
283
307
230
668
834
230
80
375
351
879
783
769
187
153
914
236
132
256
553
56
100
736
206
477
866
727
583
935
745
655
355
105
464
229
384
132
453
890
893
424
187
799
193
459
479
919
903
161
869
203
182
139
549
144
244
888
738
633
598
336
335
540
404
272
342
34
739
474
943
942
509
304
672
481
795
925
194
748
491
614
342
337
29
787
427
13
867
694
204
590
975
45
907
514
465
197
646
266
41
437
667
400
230
929
660
26
145
808
773
786
487
76
51
409
389
103
664
464
530
21
912
468
623
553
710
136
316
354
855
27
964
303
331
568
94
810
604
165
918
406
953
334
923
141
19
452
326
219
829
598
986
393
303
34
966
516
683
931
50
707
328
27
562
357
197
648
740
933
748
248
336
473
831
806
850
286
988
741
803
777
926
998
838
924
344
688
230
136
68
666
549
294
231
341
414
743
842
891
722
457
259
182
853
630
607
969
584
577
113
815
931
470
886
836
362
821
63
915
42
316
287
65
664
584
287
761
955
36
148
596
833
206
710
536
227
327
598
454
835
837
873
614
811
517
199
111
349
668
846
906
666
702
579
620
641
836
872
540
942
384
156
856
430
713
691
357
734
604
834
750
351
751
315
65
816
479
602
748
355
238
331
37
904
361
502
19
657
589
51
369
755
327
845
517
489
967
501
641
59
508
102
979
956
50
325
8
893
125
39
658
426
138
540
619
982
467
170
82
266
982
813
700
760
301
385
852
452
530
91
472
808
870
853
699
793
578
751
286
268
954
951
747
406
448
722
406
582
610
677
476
950
608
904
282
648
930
488
36
812
864
452
376
780
481
438
226
257
755
425
714
858
355
710
213
721
161
480
439
811
469
141
347
517
542
182
59
729
946
13
138
288
265
503
282
96
552
317
523
152
815
865
810
882
628
957
919
409
343
168
424
584
941
420
754
977
157
615
23
557
226
249
814
622
996
501
146
227
602
507
277
25
296
501
953
1000
564
874
900
741
872
959
353
3
189
854
590
826
163
100
370
521
623
246
776
751
143
474
55
906
72
445
766
108
240
720
606
150
148
124
860
145
377
440
257
8
665
733
141
414
776
616
917
274
628
723
531
876
748
369
752
531
62
746
508
395
301
368
597
781
990
37
29
21
405
454
577
582
717
986
668
217
613
816
571
862
26
366
436
295
354
829
155
867
109
853
983
569
745
197
507
823
896
111
589
70
876
925
671
738
1
936
891
247
566
61
869
839
75
574
755
132
477
49
281
586
489
970
339
861
864
289
623
799
823
926
16
633
601
122
201
567
594
399
876
996
899
828
610
148
19
336
543
315
385
922
718
919
594
919
159
1000
513
92
866
922
667
160
502
294
280
32
233
414
2
191
537
349
899
297
93
175
25
810
45
760
395
501
706
475
807
454
163
627
275
561
716
986
569
45
483
615
488
695
330
335
483
916
952
156
351
382
974
446
480
422
916
810
812
966
726
343
544
599
284
113
954
814
79
474
958
530
568
502
132
273
772
465
187
620
163
40
654
931
77
221
681
206
423
984
645
775
113
35
972
837
134
620
370
26
893
185
166
661
47
748
60
713
263
605
766
185
687
115
784
638
240
201
669
989
34
543
819
275
920
134
561
463
293
35
342
140
393
409
190
48
636
621
639
82
463
646
339
493
219
534
144
96
410
839
201
537
457
710
344
281
940
99
316
704
332
279
111
789
554
941
501
161
381
488
655
515
348
442
880
814
414
764
993
329
560
648
375
625
156
135
539
179
174
505
479
491
996
144
988
748
10
926
154
755
822
604
433
866
400
796
474
38
487
374
223
874
430
839
488
407
264
577
176
546
47
915
695
588
4
262
825
271
379
904
960
842
128
8
648
239
903
899
380
196
961
858
483
188
11
425
171
679
329
792
362
810
216
601
387
846
616
414
762
254
6
105
449
288
368
256
505
896
643
624
113
337
706
164
149
401
424
402
546
314
802
369
343
473
556
569
167
275
696
296
264
168
279
892
693
665
989
337
498
820
436
283
105
172
568
734
371
761
906
383
149
13
488
445
549
411
492
44
640
429
880
567
963
794
957
47
620
517
914
642
256
102
940
771
389
287
677
210
736
186
311
62
83
895
41
802
463
68
203
10
104
53
288
261
265
668
758
252
508
955
812
470
920
499
734
917
331
597
986
133
774
729
54
433
729
46
91
30
280
119
886
301
246
614
40
735
987
506
875
192
767
672
396
312
674
253
711
368
33
164
785
230
772
577
167
386
744
977
317
467
675
945
297
4
478
377
351
441
811
813
932
983
507
800
770
310
725
572
84
252
126
863
115
109
645
469
632
881
39
875
471
300
561
819
302
894
664
80
362
937
704
956
763
247
952
522
100
241
499
271
867
553
446
650
847
153
309
146
890
729
154
399
650
143
859
427
486
800
745
654
785
618
617
655
966
302
879
57
147
276
535
400
724
91
715
508
653
955
477
741
865
696
676
28
455
950
95
982
535
332
138
368
407
578
745
833
445
523
499
53
92
118
625
476
290
410
247
930
931
919
874
834
885
468
136
772
997
765
492
859
266
672
655
990
3
591
719
663
157
246
466
126
434
433
173
506
274
390
723
628
30
870
594
714
88
545
975
859
870
484
624
594
320
723
34
397
232
852
189
48
480
434
784
631
580
921
457
567
913
578
763
456
705
830
781
140
11
818
692
42
382
397
10
604
684
531
319
917
969
551
526
646
291
238
877
488
319
873
233
141
377
196
855
854
772
872
658
521
303
323
774
965
358
978
888
468
628
617
626
887
807
705
324
979
692
502
415
855
68
307
556
439
443
667
343
422
402
585
942
872
928
324
318
137
767
600
281
734
233
927
68
356
360
715
24
685
836
733
464
103
14
486
890
374
327
177
56
197
355
53
796
524
169
230
89
407
526
523
640
888
111
896
177
909
861
426
730
115
975
283
162
266
878
733
657
79
847
153
286
9
651
70
197
440
487
799
509
160
174
364
196
478
889
306
334
366
603
730
809
456
647
871
253
977
308
268
985
122
291
453
245
816
441
368
807
822
465
319
635
444
516
758
76
418
522
156
991
350
801
398
568
998
548
222
896
368
651
842
756
881
679
508
562
962
443
241
443
173
441
449
279
904
641
785
639
92
932
860
170
207
552
763
746
607
933
865
130
444
470
293
719
605
172
400
334
43
362
17
866
286
45
484
374
953
34
459
679
489
24
6
54
157
397
693
322
760
649
509
75
723
398
16
891
326
9
678
533
538
11
278
979
864
415
464
737
981
479
885
75
575
433
985
137
76
650
200
227
217
751
401
832
402
169
761
428
110
95
801
564
63
119
852
593
71
487
946
752
945
580
615
957
378
752
609
78
386
946
16
671
241
368
825
806
687
619
738
599
494
762
446
403
159
70
472
714
871
626
968
868
692
165
179
504
431
338
947
4
263
359
292
434
277
789
125
669
158
170
